Global metrics for OHRecommender:
     Precision@k  Recall@k       MRR       MAP  Hit Rate  Coverage
10      0.001406  0.005011  0.004057  0.002459   0.01320  0.269054
20      0.001137  0.008105  0.004169  0.002599   0.01748  0.377104
50      0.001509  0.026888  0.004499  0.003218   0.04576  0.591062
100     0.000939  0.033468  0.004381  0.003269   0.05032  0.782063
200     0.000590  0.042036  0.004323  0.003291   0.05484  1.000000
Global metrics for OHRecommender [filtered]:
     Precision@k  Recall@k       MRR       MAP  Hit Rate  Coverage
10      0.009014  0.007310  0.022067  0.012495  0.084267  0.267857
20      0.007457  0.012095  0.022816  0.013434  0.113220  0.373461
50      0.010150  0.041159  0.025017  0.017612  0.304835  0.588054
100     0.006317  0.051227  0.024186  0.017934  0.334062  0.781712
200     0.003931  0.063754  0.023723  0.018033  0.356050  1.000000


Global metrics for TfidfRecommender:
     Precision@k  Recall@k       MRR       MAP  Hit Rate  Coverage
10      0.000036  0.000128  0.000070  0.000044   0.00036  0.516013
20      0.000064  0.000456  0.000127  0.000072   0.00126  0.658007
50      0.001534  0.027330  0.002606  0.002072   0.06842  0.829902
100     0.001049  0.037395  0.002738  0.002220   0.08178  0.925817
200     0.000794  0.056628  0.002820  0.002340   0.10562  1.000000
Global metrics for TfidfRecommender [filtered]:
     Precision@k  Recall@k       MRR       MAP  Hit Rate  Coverage
10      0.000191  0.000155  0.000421  0.000263  0.001912  0.516642
20      0.000321  0.000521  0.000710  0.000375  0.006419  0.658305
50      0.002305  0.009348  0.002283  0.000583  0.065146  0.829316
100     0.002267  0.018386  0.002121  0.000719  0.078530  0.925070
200     0.002215  0.035920  0.001852  0.000796  0.095739  1.000000


Global metrics for OAIRecommender:
     Precision@k  Recall@k       MRR       MAP  Hit Rate  Coverage
10      0.003662  0.013052  0.012078  0.009961   0.02864  0.537857
20      0.002498  0.017807  0.012632  0.010524   0.03894  0.688049
50      0.001451  0.025855  0.012792  0.010816   0.05426  0.859830
100     0.001060  0.037794  0.012842  0.010925   0.07034  0.953123
200     0.000734  0.052315  0.012681  0.010950   0.08444  1.000000
Global metrics for OAIRecommender [filtered]:
     Precision@k  Recall@k       MRR       MAP  Hit Rate  Coverage
10      0.024420  0.019804  0.076841  0.063723  0.189702  0.537274
20      0.016751  0.027170  0.080609  0.067552  0.259765  0.687143
50      0.009754  0.039553  0.081644  0.069497  0.362879  0.859083
100     0.007146  0.057950  0.081958  0.070218  0.470773  0.952770
200     0.004915  0.079725  0.080799  0.070328  0.558181  1.000000


Global metrics for CFRecommender:
     Precision@k  Recall@k       MRR       MAP  Hit Rate  Coverage
10      0.000668  0.002381  0.001689  0.000232   0.00668       1.0
20      0.000578  0.004120  0.001383  0.000270   0.00744       1.0
50      0.001031  0.018370  0.000819  0.000332   0.01206       1.0
100     0.000625  0.022290  0.000850  0.000384   0.01662       1.0
200     0.000363  0.025883  0.000905  0.000433   0.02532       1.0
Global metrics for CFRecommender [filtered]:
     Precision@k  Recall@k       MRR       MAP  Hit Rate  Coverage
10      0.004015  0.003256  0.009978  0.000154  0.040153       1.0
20      0.003442  0.005582  0.007602  0.000174  0.040836       1.0
50      0.006512  0.026405  0.003316  0.000219  0.057635       1.0
100     0.003734  0.030282  0.003160  0.000261  0.061868       1.0
200     0.001956  0.031733  0.003196  0.000299  0.071155       1.0


Global metrics for TTM1:
     Precision@k  Recall@k       MRR       MAP  Hit Rate  Coverage
10      0.027040  0.222698  0.111347  0.097072    0.2440      0.05
20      0.020350  0.335200  0.118605  0.104209    0.3646      0.10
50      0.011964  0.492670  0.120781  0.108008    0.5230      0.25
100     0.007304  0.601548  0.120204  0.108669    0.6346      0.50
200     0.004322  0.711909  0.119813  0.108844    0.7420      1.00


Global metrics for TTM2:
     Precision@k  Recall@k       MRR       MAP  Hit Rate  Coverage
10      0.028880  0.237852  0.116846  0.102092    0.2638      0.05
20      0.020260  0.333718  0.120804  0.106874    0.3536      0.10
50      0.011960  0.492505  0.123400  0.110705    0.5210      0.25
100     0.007346  0.605007  0.122872  0.111300    0.6346      0.50
200     0.004303  0.708779  0.122347  0.111447    0.7408      1.00


Global metrics for TTM Tuned:
     Precision@k  Recall@k       MRR       MAP  Hit Rate  Coverage
10      0.026960  0.222039  0.096215  0.083198    0.2458      0.05
20      0.018270  0.300939  0.100619  0.087641    0.3320      0.10
50      0.011416  0.470104  0.102281  0.091159    0.4966      0.25
100     0.007088  0.583759  0.102247  0.092098    0.6154      0.50
200     0.004242  0.698732  0.101946  0.092353    0.7270      1.00